5 0.235417 0.525000 0.075833 0.068519
5 0.234167 0.820370 0.076667 0.066667
2 0.377917 0.280556 0.021667 0.040741
1 0.419792 0.223148 0.021250 0.044444
1 0.461875 0.151389 0.021250 0.043519
1 0.504792 0.221759 0.022083 0.049074
0 0.537917 0.282407 0.020833 0.044444
0 0.571875 0.341667 0.021250 0.044444
0 0.606667 0.396296 0.021667 0.040741
0 0.640417 0.454630 0.020000 0.044444
0 0.673542 0.512037 0.022083 0.044444
0 0.758542 0.764352 0.022083 0.043519
0 0.647917 0.918056 0.020833 0.047222
3 0.882292 0.285185 0.022917 0.048148
3 0.882292 0.368519 0.020417 0.048148
3 0.667917 0.057870 0.023333 0.049074
8 0.046875 0.402778 0.040417 0.096296
