1 0.420000 0.223611 0.022500 0.045370
1 0.461667 0.150463 0.019167 0.036111
1 0.504167 0.221759 0.022500 0.047222
0 0.538542 0.284722 0.021250 0.047222
0 0.573125 0.340741 0.021250 0.042593
0 0.605208 0.396296 0.021250 0.048148
0 0.639167 0.456019 0.022500 0.041667
0 0.674375 0.511574 0.022917 0.047222
0 0.758542 0.764815 0.021250 0.044444
0 0.648750 0.918519 0.021667 0.048148
2 0.377083 0.281481 0.021667 0.042593
2 0.166250 0.716204 0.021667 0.043519
2 0.191042 0.787037 0.020417 0.044444
3 0.882083 0.286111 0.021667 0.048148
3 0.883125 0.366667 0.022083 0.050000
3 0.668333 0.059259 0.021667 0.046296
