2 0.206250 0.496759 0.021667 0.041667
2 0.230625 0.563889 0.019583 0.040741
2 0.278333 0.645833 0.018333 0.037963
2 0.304167 0.684722 0.020833 0.039815
0 0.671875 0.692593 0.022083 0.042593
0 0.778750 0.542130 0.020000 0.043519
0 0.697292 0.298611 0.022917 0.043519
0 0.664167 0.240278 0.020000 0.041667
0 0.631875 0.187500 0.022083 0.043519
0 0.599583 0.133333 0.021667 0.040741
1 0.532292 0.020833 0.022917 0.036111
3 0.881667 0.289352 0.021667 0.041667
3 0.882500 0.366667 0.022500 0.050000
3 0.668125 0.057870 0.024583 0.050926
