11 0.250625 0.362037 0.084583 0.066667
12 0.259167 0.556019 0.086667 0.073148
5 0.248125 0.812037 0.077917 0.064815
1 0.477292 0.212963 0.019583 0.042593
1 0.518125 0.145370 0.020417 0.044444
1 0.558958 0.213889 0.019583 0.037037
2 0.396042 0.334722 0.023750 0.043519
2 0.436042 0.268056 0.021250 0.043519
0 0.591458 0.273148 0.020417 0.044444
0 0.625208 0.328241 0.021250 0.045370
0 0.657500 0.383796 0.020833 0.041667
0 0.690000 0.436111 0.020833 0.040741
0 0.722500 0.492130 0.021667 0.043519
0 0.804792 0.737037 0.019583 0.038889
0 0.697083 0.888889 0.018333 0.038889
3 0.882500 0.287037 0.020833 0.044444
3 0.882500 0.367130 0.021667 0.049074
3 0.671667 0.059259 0.021667 0.048148
